   1.0000000       0.0000000       0.0000000       0.0000000       0.0000000       0.0000000       0.0000000       0.0000000       0.0000000       0.0000000       0.0000000       0.0000000       0.0000000       0.0000000       0.0000000       0.0000000    
   0.0000000       1.0000000     -1.99493200E-17   0.0000000       0.0000000       0.0000000       0.0000000       0.0000000       0.0000000     -6.61744490E-24   0.0000000     -2.64697796E-23  1.32348898E-23   0.0000000     -1.32348898E-23  1.65436123E-24
   0.0000000      2.23517418E-08  0.99999994     -3.98986399E-17  5.96046448E-08   0.0000000       0.0000000     -2.06795153E-25 -1.65436123E-24 -6.61744490E-24   0.0000000       0.0000000      6.61744490E-24 -1.65436123E-24 -1.32348898E-23  3.30872245E-24
   0.0000000      5.58793545E-09   0.0000000      0.99999994      5.96046448E-08   0.0000000       0.0000000       0.0000000     -4.13590306E-25 -4.13590306E-24   0.0000000       0.0000000       0.0000000       0.0000000       0.0000000      1.65436123E-24
   0.0000000       0.0000000      4.98732999E-17   0.0000000       1.0000000       0.0000000       0.0000000       0.0000000       0.0000000       0.0000000     -1.65436123E-24   0.0000000      3.30872245E-24   0.0000000       0.0000000      3.30872245E-24
   0.0000000       0.0000000       0.0000000       0.0000000       0.0000000       1.0000000       0.0000000     -3.01902794E-35 -2.12174779E-34  9.45054479E-34 -2.19908590E-34 -3.96045077E-34 -1.75886814E-33  3.04066593E-33  1.49123406E-33 -5.06184214E-33
   0.0000000       0.0000000       0.0000000       0.0000000       0.0000000       0.0000000       1.0000000       0.0000000       0.0000000       0.0000000       0.0000000       0.0000000       0.0000000       0.0000000       0.0000000       0.0000000    
   0.0000000       0.0000000       0.0000000       0.0000000       0.0000000       0.0000000       0.0000000       1.0000000      6.51925802E-09  1.76426799E-16 -1.14708590E-16   0.0000000      1.49011612E-08 -2.29728888E-16  9.31322575E-10 -1.40268656E-16
   0.0000000       0.0000000       0.0000000       0.0000000       0.0000000       0.0000000       0.0000000      5.96046448E-08   1.0000000     -7.91738636E-17 -1.09721260E-16 -4.98732999E-17  1.11758709E-08   0.0000000       0.0000000     -2.55600662E-16
   0.0000000       0.0000000       0.0000000       0.0000000       0.0000000       0.0000000       0.0000000      2.00234354E-08  2.98023224E-08   1.0000000     -7.48099499E-18 -5.73542949E-17  3.21306288E-08 -9.97465999E-17  6.51925802E-09   0.0000000    
   0.0000000       0.0000000       0.0000000       0.0000000       0.0000000       0.0000000       0.0000000      1.39698386E-09 -7.45058060E-09   0.0000000       1.0000000      7.48099499E-17  5.44823706E-08 -1.99493200E-17  6.51925802E-09   0.0000000    
   0.0000000       0.0000000       0.0000000       0.0000000       0.0000000       0.0000000       0.0000000      5.12227416E-09  3.72529030E-09 -3.84024409E-16   0.0000000       1.0000000      6.93835318E-08  3.98986399E-17  6.51925802E-09   0.0000000    
   0.0000000       0.0000000       0.0000000       0.0000000       0.0000000       0.0000000       0.0000000      5.12227416E-09  3.72529030E-09 -2.24273996E-16  5.79777112E-17   0.0000000       1.0000000     -6.23416249E-18  6.51925802E-09   0.0000000    
   0.0000000       0.0000000       0.0000000       0.0000000       0.0000000       0.0000000       0.0000000      9.31322575E-10  5.58793545E-09 -1.91700497E-17  2.68068987E-17  1.10968092E-16  1.49011612E-08   1.0000000     -1.62981451E-09   0.0000000    
   0.0000000       0.0000000       0.0000000       0.0000000       0.0000000       0.0000000       0.0000000     -2.79396772E-09  9.31322575E-09  2.08376881E-16  1.31540829E-16  8.35377774E-17  1.39698386E-09   0.0000000      0.99999988       0.0000000    
   0.0000000       0.0000000       0.0000000       0.0000000       0.0000000       0.0000000       0.0000000     -3.11708125E-17 -1.86264515E-09  2.17104709E-16  5.29903812E-17  6.73289549E-17  6.98491875E-10   0.0000000       0.0000000       1.0000000    
